strength,copy_rate,note
0.5,0.02,estimated
1.0,0.02,estimated
2.0,0.04,estimated
3.0,0.04,estimated
5.0,0.1,estimated
